$ANSIBLE_VAULT;1.1;AES256
33346439376163626265333461386330333964623131626365313039306264396265653430393637
3963623862313631363530613732356637643064326130640a326464633831343236613632336235
36623631626439306362333530376430353834303039393432306236646632316364663430373864
3363316437316537380a623532393934376639613633663538656632363737393531623865396334
63376331633838393132323935636665363864663562316635616332623966313734396565656137
31316138316264323865666663613934313936353630316566393338373265653237313363623865
63353631333463633834343762366363376337613965613738653535363062623136363561623166
66333039333330643964333030333037323065316663623636643063616335383638306533323063
66626333626631323866643566316630333139363363613761353935373137653333646237326534
65383734646639633765313765303733383466396363623865626663653161666434383535633263
30636362666333393737323861353265313062353534353338616265353533323030623435393964
65303963333539646438653061653839623238373639616565623830366231356631326335303564
38366330623762636139663732313361613665383435323564633137353035353438623337643730
31356538343630366438326130393937613161316232653331333734393431666538636438656462
39316565326661333165613363386463333664393563373464646636323632653031373836623031
38633439613364396132623732623030326632323364356333626236666338623466363062613961
38653261353066656362396336316234623335373732363461323637346234383065363865363739
63633464376636326439653862393361663764613665666530313032363735376639663936323237
62313332636135343963353130393966396435616434383965353733343665343539653839306437
31656233666131323361376631346631653332373338373330353462613832663030303832386664
37313338303934366334643361373935326538643862646361366534303865653738316535666334
30333139636164373464326539636533396637343430336461323536633333393334336263616231
61323532383764366236633137386235383562336536316236666338383835303738663434373230
64613534633337333638346238333332343962383033313333646536363366373333396630666664
34306632653839646162333230313263393762363666623534643130643539663162313535313964
30656663376137323135653436366536323065396537343238356331396164653134356437386361
35323136393061313039386635636637373436306536323536646430623861656365396637623263
66323238663563326565613733653035393437316664656566666532646438396338353562663733
35363466343934353862373166333736616131633235383538613236383830376561303430636231
63393764613030393562623366613634383234353730636431616230646534353838383965666566
66353464626538343865323032386133356430666532616166376336633063396662663834316237
39343133356437636165333662383237373236366264633933633537383761653839623938393462
63656238396236346534626563663034323864333032633731373839306633356235303261323065
65353034616338306465653366373337366366383336656231343130393931383831376132376465
34323364376332613863363339626632326634636661636538663039383166376430623739303761
38306565616361633038653362306132636337313961663166393833303136656162313762333734
36326564336466643137633465623563313038323239613764323638626263396565633536653939
39636635363331343132316235663839663530303935346632326265386365636538663532376432
63373963303663393662613138346563636364616164393264636631653637303736386133643731
37383831306638366265393266656238383538393432333737376264313463363564373163633366
35313637363861363266643534616230613962303364336130613265356139346238303961363539
65616436653236323638356461633437376462616138373831373863373733316235643333613835
36613933613931643765396664383331343632393538666465326631663931363531613066303537
30613639333063383332313534336663336435333765346532656264363831636137636438353437
34643663363531336135626237313933346434333835376264333966303236393735356633633766
38303434333032343861656637306561373938393562646166343362393637383139623137383866
33313533333338323465323664366363313830316562373065633131373330623066643835303361
37393564363066386133663139393361666336616236363431396566323865616134396631363035
38333237653962353038313230326433613362356561373561386438306334653461366230326161
39626263313066646664396665626232326665383435616234633330313933353432343230326361
33383265373462346438353233366665363464613535666537306334616330663364663433373839
62343732386539623066393330303561336631323165613061616462316339623633396630353961
37356130656364643136336134613037303533663730626132656430306565653538623962393037
31613662326439336132366538363565636632363862396136336336316530653033313663323032
31356536363937623633616562363865613633303039653134623664373834343333363866393664
64326137313963653836356166386332346234666138346633653737313464336137373434366530
63386334316562653330616638386662336138656330636366633238616266333263353434613064
66383539376335623932333561343234613436646634323833323633626232303738313666626332
31313461303036393963333166356635306663356264303332656135373965356433636266623338
61643265653332393738653062353132303365666530393061376133303466646334643033653463
36623962613163346432366537393834313533366664383236396565643863666564636136333263
31383066343432633761623262316637336666303134386630353134303432363564363863323733
35653238383839636163623431356163643230626132353531343232346364626237633961656630
65653831336235613262656232613236643238363834393237613130323661326262306332333762
61363631383761616532376362656338323137613162383139306630636161396432646264326138
33643165316233386638386234393037343361653065303734653639363538343432363638366437
36353833366634646133623037316133303132303339346630613331313264313639653232386230
31636230643831656133336230376265343832346635643266346233626534393263346137373332
33633832643135336466323931376439626463366165383836663836306262313334653033633935
61366561663833656131363733643364646361366633323763656566353661393434663135393136
63336632306239386337346637343961396466646335393832623433303733653139656431386163
36393236313030373038646363626431393966313830626239316165396161313832393633333930
62346331326638323235376132616435626232393834316535646633323230393132666330396238
64343034633362613139373439343837633732663266366465636364373365333430393736366432
30326334663432396337306137373364316139353631373038396231613131393461376565626466
65646631623962663266353537643862326663343738636538333266303831656263646666346363
35326266623966343465396635353265363439363762303738366461333236353236353334373266
31643737633461616166623232313064333662353132336163386135663335323336326261346332
63333130333230303637323339336233323363333562346232336635646638313138653533633930
38346232396134336462346462383162633663313165396661373165303763323831663833346661
34323066326533356232663331363932346239626537303864653265313037373538376435373036
39366633313637646130663638306130393031313066613739306535623863326431636131366435
37343537616333366566383064646466323334623439333031323564373162653338363936653138
62643436663538333038623937333737613466316530323739316236316361663263323336643137
35363130343339383532653461613236633437323539366231376430316231333434366161303065
36623833316461313036393562383762623738383734346465323735333966373062353139626466
63616464643162636664613832663863653535643966316332313133303661623437666366663637
64343532623364653863313964326536316661326564353865323633663033663766616531356438
64386432373639383464666666363737356362303832363234643732626662643238663033613634
39353861663461643261356465343034346465353036346665663262373565636232363961633636
66373331323061376237623566323638373433333766376530666238623130363138613635643331
38636335383635383861626261333464383832373266633031303034653866613939633563306131
66316564623462636332353034376436363637343434656261316236323636356261393735393066
66356238616163333463303730353737336461326163633665646564363236326266656538326462
62333537383338336565393062383737646536383638633732356463613231393231373066343665
34323034393834656333646335323733656537363432373563353037386566386164386639343263
33366330313636316239303331353162326336383866633331663534636464303635613530383030
36343939653433376536366265376539636436366361303434306161373836343035626632656564
39633930353561643839343332303639333231333735613538353162656539353238386165613262
63626537623839383962326539613865646430383966613334353737313766333434613032306135
64316333373434363731333362303735386163666562326633303035343363353734383663303462
64663236313838653438353031306530336139343634636336363066343663326535313766666463
35333231313731376666643133383461666430393233656536316530326461366332643430373465
35623236663837346165633462353830323065613539303231313561323034316464343963333135
30346332376461303439316332336664643465343739346338653236343862643262323063663334
37613635393537633036626634343736636237663733656532366566313034313532666534343639
64386266323933623662646265393464666634346162303966626639323931343632646630343036
64383539366338396336313437613664356239373864663736346538616364323334656361383265
30643135343762653936663930643331303035376633613161333633643831383465333231666235
61616564653733333735333037636639633632306436376439373539633736313661323232313735
31326566303735613839363564326132656331323563393135353031393632313762646364356336
36636339366230343439303539333639353038653834613036323937663833616134616336373261
61393266656639313035313234333330383934653432303438633063613032613765323865643436
61313264383233353534376565613739393266313039386661386665336236326364343736626165
30333864666136643630623832323635363864303637303337323465363333343238323261326431
63346431316633346132353033353631366430383562636636386233643264366161373939613162
61313761336330616264373737643533663637343566343133613536353063303533313032613834
31626335363664373732636435396630646631613630333866306136636439653835346166303161
37376130376464316433643637663334393533313933646564323138383633653436386436646436
64353865336437306237363064333462343161653939343734623430653135346130313361383132
39313237353933386434353336373430633530623832336533373363653462326136316132663731
36316439613662356534333037346432326137313763316439663038646666343837643039323836
64363630386535306464323966316131373265313832396563303139323732343561663637393064
61616638363332303736383865363034666531396162333239336339323032376630626539343831
30623135353835386130383462646436363364343731626264373538626564666137643031373935
65633234633530336434363232653930326261386261363336353031376236353163636235303863
62393666353733316633393139373036323864346237623533396235616434666665623262373638
34363966303538343036663137656430353462316264623535373637333934333965626466313661
66323836636631386436643833626539376261323834363136666333313132623231336366623331
30383931333030663964333765396531356136303735353233303762313862353562353563346438
64396335663662636639643635646637663334646439343432313461663037326263316236613664
66306461633765633639613430303732393338616636636335663365626631626436356437623332
39633363353435373734386665616331613364313061313366313762313265333264366361653562
37393862323835666466303539386235656238643462303038623937396465653838396438303964
363436663164366433663938666134376135
